0,1,0,0,0,0,0,0
1,0.50045,0.264325,0.235225,0,0,0,0
2,0.385929,0.364732,0.135254,0.114084,0,0,0
3,0.375649,0.263716,0.236284,0.0690209,0.0553308,0,0
4,0.321361,0.304699,0.168466,0.143504,0.0351351,0.0268354,0
5,0.31328,0.246707,0.222432,0.103052,0.0836685,0.0178456,0.0130152
6,0.280992,0.267222,0.176306,0.15155,0.0611452,0.0474269,0.0153579
7,0.274313,0.229806,0.208394,0.11971,0.0983383,0.0385268,0.0309114
8,0.252727,0.241007,0.175767,0.152356,0.0796952,0.0638419,0.0346049
9,0.247043,0.21505,0.196054,0.12847,0.107247,0.0573508,0.0487848
10,0.231527,0.221354,0.172489,0.150955,0.0933405,0.0773959,0.0529393
11,0.226593,0.202588,0.185744,0.133456,0.113551,0.0732676,0.0648008
12,0.21495,0.206061,0.168554,0.149162,0.103667,0.0886984,0.0689072
13,0.210639,0.192181,0.17734,0.136502,0.118472,0.0863596,0.0785059
14,0.201687,0.193935,0.164732,0.147564,0.111642,0.0981252,0.082315
15,0.197927,0.183531,0.170569,0.138468,0.122508,0.0970129,0.0899829
16,0.190945,0.184227,0.161287,0.146297,0.117884,0.105969,0.0933925
17,0.187687,0.176359,0.165142,0.139787,0.125885,0.105648,0.0994919
18,0.182193,0.176413,0.158285,0.145342,0.122812,0.112477,0.102478
19,0.17939,0.170424,0.1608,0.140692,0.128727,0.11264,0.107327
20,0.175041,0.170105,0.155716,0.144641,0.126728,0.117865,0.109904
21,0.172647,0.16552,0.157323,0.141324,0.131118,0.118302,0.113765
22,0.169191,0.165001,0.153539,0.144133,0.129853,0.122317,0.115966
23,0.167159,0.161474,0.154536,0.141769,0.133124,0.122891,0.119046
24,0.164402,0.160866,0.151709,0.143768,0.132354,0.125989,0.120911
25,0.162687,0.15814,0.152299,0.142084,0.134803,0.126613,0.123374
26,0.160482,0.157512,0.150177,0.143507,0.134362,0.129014,0.124945
27,0.159042,0.155395,0.1505,0.142307,0.136204,0.129634,0.126919
28,0.157273,0.154789,0.1489,0.14332,0.135978,0.131503,0.128236
29,0.156068,0.153138,0.14905,0.142465,0.137369,0.132089,0.129821
30,0.154647,0.152577,0.147839,0.143187,0.13728,0.13355,0.130921
31,0.153643,0.151283,0.147881,0.142578,0.138336,0.134084,0.132196
32,0.152498,0.150777,0.146959,0.143092,0.138331,0.13523,0.133111
33,0.151664,0.14976,0.146936,0.142659,0.139136,0.135707,0.134139
34,0.150741,0.149313,0.146231,0.143025,0.139181,0.13661,0.134899
35,0.150048,0.148511,0.146171,0.142716,0.139798,0.137027,0.135729
36,0.149303,0.148122,0.14563,0.142976,0.139869,0.137741,0.136359
37,0.14873,0.147486,0.145552,0.142756,0.140344,0.138103,0.137029
38,0.148127,0.147151,0.145134,0.142942,0.140427,0.138669,0.13755
39,0.147653,0.146646,0.145049,0.142785,0.140794,0.138979,0.138093
40,0.147165,0.14636,0.144726,0.142918,0.14088,0.13943,0.138523
41,0.146775,0.145958,0.144642,0.142806,0.141165,0.139693,0.138962
42,0.146378,0.145716,0.14439,0.1429,0.141247,0.140053,0.139317
43,0.146057,0.145394,0.14431,0.142821,0.14147,0.140275,0.139674
44,0.145735,0.14519,0.144113,0.142888,0.141545,0.140563,0.139965
45,0.145471,0.144932,0.144041,0.142831,0.14172,0.14075,0.140255
46,0.14521,0.144761,0.143887,0.142879,0.141788,0.14098,0.140495
47,0.144992,0.144555,0.143822,0.142839,0.141925,0.141137,0.14073
48,0.14478,0.144412,0.1437,0.142873,0.141986,0.141322,0.140927
49,0.144601,0.144245,0.143644,0.142844,0.142094,0.141453,0.141119
50,0.144429,0.144126,0.143548,0.142868,0.142147,0.141602,0.141281
51,0.144282,0.143992,0.143499,0.142848,0.142232,0.14171,0.141436
52,0.144141,0.143893,0.143422,0.142865,0.142278,0.141831,0.141569
53,0.144021,0.143785,0.143381,0.14285,0.142346,0.141921,0.141696
54,0.143907,0.143703,0.14332,0.142863,0.142384,0.142018,0.141805
55,0.143808,0.143616,0.143284,0.142852,0.142439,0.142092,0.141908
56,0.143715,0.143548,0.143236,0.142861,0.142471,0.142171,0.141998
57,0.143634,0.143477,0.143206,0.142854,0.142515,0.142233,0.142082
58,0.143558,0.143422,0.143167,0.14286,0.142542,0.142296,0.142155
59,0.143492,0.143364,0.143142,0.142855,0.142577,0.142347,0.142223
60,0.14343,0.143318,0.14311,0.142859,0.1426,0.142399,0.142283
